$ANSIBLE_VAULT;1.1;AES256
34636432313130323064623662356430383539326339626135343835656466373033373666366237
3631346335323836613863643039366261396462646231660a393334393164396236323264323363
33646363343930373633306263663138396464353730336364613766666236383733316365376165
3532333035366535360a633762313232653562393632313637656539636561616232663731366566
36383639313336346631356166313365376335613431313335323731386133343764633564663537
37376139383933376334343833343838333562636263303865656363376361616166663537306435
34326535336361653030346339333465323162613334306337636663633561373030643037353234
39323761363837333834343561373266323061633535323461313434616461336636663761323361
62393765373265613464343266613665353331366137376462623935303933643336323136643730
30333832396261343464623763623963323761643766303565643931333738656235643434353162
36313539313562616131643461646662643332663538623633303837623966626536653466353465
33633234386162613366643365336531366564643336653130333237613265663431623163386139
62363731653531613833343261363561663962333139366332326237313663633935393834366436
62316661366137316562653337353139383736303538376131613065396136373930356231356536
30336131326235613331353466393132303063396239396435653634393261366132616261383634
31653436616238343766363761373361393765376537613232663030666430333439323237346332
63313332616666393238346565333135306234666531623334636436666162623736383165346439
36383234653739303630373130626338373065643632386533343638313637343161653837323133
61363836396463663537633563366664653338386634386130383535396266303961643338396435
31333935623063663365343136656666323365616337323163353837376131316232643131646136
64376531633664643138643633366637663332306139656234653231353137633830393566653532
32386162306438333432323533376530623961323436646534333239306666373637346263393934
64323839653633393931646464373038623035633833633537343163343737373232313964666238
36636665363437316264
